0,278
214,0
222,4
222,3
222,2
0,9
222,1
222,0
72,1
72,3
214,2
63,1
63,3
62,1
62,3
221,52
221,51
221,50
221,49
221,48
221,47
221,46
221,45
221,44
221,43
221,42
221,41
221,40
221,39
221,38
221,37
221,36
57,4
66,1
66,3
219,1
219,3
204,1
204,3
214,1
214,3
93,1
93,3
56,1
56,3
68,1
68,3
60,1
60,3
70,1
70,3
61,1
61,3
67,1
67,3
57,1
57,3
14,1
14,3
13,1
13,3
221,35
134,2
134,1
134,3
138,2
138,1
138,3
139,2
139,1
139,3
135,2
135,1
135,3
137,2
137,1
137,3
136,2
136,1
136,3
20,2
20,1
20,3
19,2
19,1
19,3
18,2
18,1
18,3
133,2
133,1
133,3
0,408
0,0
221,34
221,33
221,32
221,31
221,30
221,29
